-logfile
{Unrecognized function or variable 'logfile'.
} 
main

totalDV0 =

          4.32469142808025


ans =

          3.70896056806157


ans =

          3.70877681206675


ans =

          3.70875929701753


ans =

          3.70695350015918


ans =

          3.70208576299414


ans =

          3.69939249447362


ans =

           3.6985460859388


ans =

          3.69870219491362


ans =

          3.69867627215332


ans =

          3.69866064318763


ans =

          3.69863061123159


ans =

          3.69861901694606


ans =

          3.69860420532686


ans =

          3.69858713048454


ans =

          3.69856676333068


ans =

          3.69855158987151


ans =

           3.6985318137261


ans =

          3.69851184615541


ans =

          3.69849297178661


ans =

          3.69846880234023


ans =

          3.69844786897433


ans =

          3.69842462104431


ans =

          3.69840160089216


ans =

          3.69837543719801


ans =

          3.69834740106537


ans =

          3.69831212386059


ans =

          3.69828575497726


ans =

          3.69825849636526


ans =

          3.69823134830916


ans =

          3.69819266908395


ans =

          3.69816450279487


ans =

          3.69813361543454


ans =

          3.69810018783069


ans =

          3.69807234927435


ans =

          3.69804482811897


ans =

          3.69801657007685


ans =

          3.69798901164862


ans =

          3.69796022593783


ans =

          3.69792500401667


ans =

          3.69788092362991


ans =

          3.69784618930183


ans =

          3.69780629201901


ans =

          3.69775738047026


ans =

          3.69770926481372


ans =

          3.69768453913075


ans =

          3.69765637059408


ans =

          3.69762732271042


ans =

          3.69758505864533


ans =

          3.69755164462495


ans =

          3.69750881704954


ans =

          3.69747500199943


ans =

          3.69741928650758


ans =

          3.69737793898387


ans =

          3.69734261815483


ans =

          3.69729661887725


ans =

          3.69725861936747


ans =

          3.69719878838839


ans =

          3.69715733310329


ans =

          3.69710185335715


ans =

          3.69704872316312


ans =

          3.69701086704321


ans =

             3.69696144804


ans =

          3.69689832920931


ans =

          3.69684177016344


ans =

          3.69680610867136


ans =

          3.69677115151678


ans =

          3.69674241494845


ans =

          3.69670443386636


ans =

          3.69666192429375


ans =

          3.69662970410457


ans =

          3.69660095097814


ans =

          3.69657191798804


ans =

          3.69653658597027


ans =

          3.69648657948028


ans =

          3.69645281741348


ans =

          3.69641821951812


ans =

          3.69639116658274


ans =

          3.69635938875895


ans =

          3.69632756920806


ans =

          3.69630121228499


ans =

          3.69626891751523


ans =

          3.69623781901976


ans =

          3.69621384047105


ans =

          3.69618664479453


ans =

          3.69616262052147


ans =

          3.69613270323348


ans =

          3.69611139990359


ans =

          3.69608759407358


ans =

          3.69606562856194


ans =

           3.6960414294697


ans =

          3.69601835389845


ans =

          3.69599820180392


ans =

          3.69597548419428


ans =

          3.69595298073963


ans =

           3.6959300074387


ans =

          3.69590529972357


ans =

          3.69588067724788


ans =

          3.69585849258491


ans =

          3.69583495161603


ans =

          3.69581001703038


ans =

          3.69578915536889


ans =

          3.69576812339404


ans =

          3.69574785947298


ans =

          3.69572808227147


ans =

           3.6957072300038


ans =

          3.69568622017032


ans =

           3.6956664602233


ans =

          3.69564655442587


ans =

          3.69562686068499


ans =

          3.69560667542971


ans =

          3.69558765975895


ans =

          3.69556835067007


ans =

          3.69555058777764


ans =

          3.69553299208919


ans =

          3.69551365799695


ans =

          3.69549539371881


ans =

          3.69547530254067


ans =

          3.69545250005223


ans =

          3.69543114174091


ans =

          3.69541169632811


ans =

          3.69539266332864


ans =

          3.69537475745486


ans =

          3.69535621358685


ans =

          3.69533846292374


ans =

          3.69532001299441


ans =

          3.69529745368548


ans =

           3.6952773536089


ans =

          3.69525501838315


ans =

          3.69523567305051


ans =

          3.69521920054055


ans =

          3.69520192074097


ans =

          3.69518723856809


ans =

          3.69517122769943


ans =

          3.69515514083618


ans =

          3.69513658116306


ans =

          3.69511904744349


ans =

           3.6951050467113


ans =

          3.69509022693373


ans =

          3.69507541938512


ans =

          3.69505511915333


ans =

          3.69503911557409


ans =

          3.69502604784835


ans =

          3.69501317247931


ans =

          3.69499653747334


ans =

          3.69498317625834


ans =

          3.69496905566169


ans =

          3.69495582822696


ans =

          3.69494319182147


ans =

          3.69493002987014


ans =

          3.69491621559186


ans =

          3.69490422634412


ans =

          3.69489113190153


ans =

          3.69487921341267


ans =

          3.69486788983243


ans =

          3.69485701522436


ans =

          3.69484771128144


ans =

          3.69483748925123


ans =

          3.69482791352208


ans =

             3.69481752451


ans =

          3.69480713547361


ans =

          3.69479763208343


ans =

          3.69478677837387


ans =

          3.69477472373986


ans =

          3.69476520907655


ans =

          3.69475530932281


ans =

          3.69474809662221


ans =

          3.69474176124962


ans =

          3.69473512265466


ans =

          3.69472609242907


ans =

          3.69471058524115


ans =

          3.69470406892348


ans =

          3.69469467572853


ans =

          3.69468272581233


ans =

          3.69467155270653


ans =

          3.69466521914216


ans =

          3.69466363292109


ans =

          3.69466202344523


ans =

          3.69466045335942


ans =

          3.69465891236577


ans =

          3.69465737068949


ans =

          3.69465585014771


ans =

          3.69465432770216


ans =

          3.69465288604961


ans =

           3.6946514262236


ans =

          3.69464599329551


ans =

          3.69464231201308


ans =

          3.69463527223695


ans =

          3.69463009826645


ans =

           3.6946251126366


ans =

          3.69462121065846


ans =

          3.69461793642081


ans =

          3.69461502634444


ans =

          3.69461219672382


ans =

          3.69460945486236


ans =

          3.69460677978799


ans =

          3.69460420042606


ans =

          3.69460168857577


ans =

          3.69459906054884


ans =

          3.69459669167169


ans =

          3.69459439745429


ans =

          3.69459216400988


ans =

          3.69459015770658


ans =

          3.69458805269325


ans =

          3.69458601386434


ans =

          3.69458402518171


ans =

           3.6945821086265


ans =

          3.69458023836958


ans =

          3.69457842185206


ans =

          3.69457665130856


ans =

          3.69457480291345


ans =

          3.69457313390722


ans =

          3.69457140698903


ans =

           3.6945697157959


ans =

          3.69456685438015


ans =

           3.6945643923654


ans =

          3.69456164977074


ans =

          3.69455912899287


ans =

          3.69455784424376


ans =

          3.69455658819139


